6.673588603734970093e-02 -2.080452680587768555e+00 -9.030143171548843384e-02 -2.941589653491973877e-01 4.503845870494842529e-01 -3.411759734153747559e-01 -6.288049370050430298e-02 -9.636364579200744629e-01 -1.780842691659927368e-01 -2.775004804134368896e-01
-1.410075902938842773e+00 -6.549194455146789551e-01 7.749231457710266113e-01 -2.353347301483154297e+00 5.912455320358276367e-01 1.144102454185485840e+00 -5.277248099446296692e-02 7.595760822296142578e-01 1.138089895248413086e+00 -9.351068735122680664e-01
-5.274316668510437012e-01 -5.085768699645996094e-01 3.197254836559295654e-01 6.242089867591857910e-01 2.070832401514053345e-01 5.961294174194335938e-01 -4.155228137969970703e-01 5.288112759590148926e-01 4.476463794708251953e-01 2.201569825410842896e-01
5.962280035018920898e-01 7.688798308372497559e-01 -3.824962973594665527e-01 -4.302411079406738281e-01 -1.630649685859680176e+00 2.975618243217468262e-01 -5.036197304725646973e-01 5.657161474227905273e-01 1.420970439910888672e+00 3.541173040866851807e-01
1.222092628479003906e+00 1.717599749565124512e+00 8.745364546775817871e-01 -1.118597149848937988e+00 1.976115852594375610e-01 3.814838230609893799e-01 1.001710817217826843e-01 -6.105076670646667480e-01 1.624119758605957031e+00 -3.725982606410980225e-01
-1.234906613826751709e-01 1.583808302879333496e+00 9.187331199645996094e-01 -1.653877854347229004e+00 1.558678507804870605e+00 -4.785364866256713867e-01 -2.201777845621109009e-01 1.675557494163513184e+00 7.252681851387023926e-01 1.435828804969787598e+00
-8.354731798171997070e-01 -1.019059777259826660e+00 5.687566399574279785e-01 -3.029221773147583008e+00 -1.180960908532142639e-01 -6.665601134300231934e-01 -1.135753035545349121e+00 6.150124669075012207e-01 -7.635654211044311523e-01 4.363251030445098877e-01
5.738041400909423828e-01 -2.230138927698135376e-01 1.286266446113586426e-01 -1.458837151527404785e+00 -5.169232487678527832e-01 9.104263782501220703e-02 -2.148682475090026855e-01 -1.101486086845397949e+00 -4.644595980644226074e-01 -1.309651613235473633e+00
9.448456764221191406e-02 8.705213069915771484e-01 1.184684872627258301e+00 2.970427870750427246e-01 -1.060407280921936035e+00 -6.597591638565063477e-01 -3.779779076576232910e-01 2.601367235183715820e-01 9.576963186264038086e-01 2.232643961906433105e-01
-2.168177366256713867e+00 -1.641718149185180664e+00 -9.440137147903442383e-01 3.378548622131347656e-01 2.187421778216958046e-03 -4.976653754711151123e-01 -2.460377454757690430e+00 3.473685383796691895e-01 5.404608845710754395e-01 3.621527552604675293e-01
-2.921722233295440674e-01 6.851566433906555176e-01 7.026819586753845215e-01 -4.285183548927307129e-02 -2.302837371826171875e-01 -3.051587581634521484e+00 -1.278820753097534180e+00 -1.770092129707336426e+00 -3.687864243984222412e-01 2.290886193513870239e-01
1.656102299690246582e+00 4.343324899673461914e-01 1.692692160606384277e+00 9.443970322608947754e-01 9.391925334930419922e-01 -2.127172231674194336e+00 1.780829310417175293e+00 -7.682451009750366211e-01 3.211711719632148743e-02 4.784733057022094727e-01
6.712032556533813477e-01 -9.674234390258789062e-01 1.388347506523132324e+00 -1.903802514076232910e+00 1.531342148780822754e+00 -2.652833461761474609e-01 -8.458930850028991699e-01 -1.045044183731079102e+00 -4.450638890266418457e-01 5.671686679124832153e-02
-4.965625405311584473e-01 1.042090058326721191e+00 -9.597789645195007324e-01 -7.385910749435424805e-01 1.120070338249206543e+00 -1.385277986526489258e+00 7.273820042610168457e-01 -1.366863846778869629e-01 1.846628934144973755e-01 1.579755395650863647e-01
1.522255659103393555e+00 -1.295948982238769531e+00 8.647447228431701660e-01 6.950325518846511841e-02 -2.995624780654907227e+00 -2.765684127807617188e-01 6.169373989105224609e-01 2.937050461769104004e-01 5.510445833206176758e-01 9.107613563537597656e-01
-1.484657526016235352e+00 -8.788657188415527344e-02 1.239211440086364746e+00 -1.377521455287933350e-01 -2.287670373916625977e+00 3.481729924678802490e-01 -7.150351405143737793e-01 1.076360344886779785e+00 -7.370510697364807129e-01 8.055839538574218750e-01
1.289868354797363281e+00 1.407973885536193848e+00 1.544907331466674805e+00 2.173096388578414917e-01 6.903874874114990234e-01 -1.562068313360214233e-01 2.170868068933486938e-01 3.193682134151458740e-01 8.829120397567749023e-01 -9.808961153030395508e-01
1.605605721473693848e+00 -6.861833333969116211e-01 1.214988350868225098e+00 9.583127498626708984e-02 3.366518318653106689e-01 3.961982131004333496e-01 2.910045087337493896e-01 -6.345693469047546387e-01 -6.199120879173278809e-01 1.056913375854492188e+00
7.160345315933227539e-01 -1.604251503944396973e+00 4.644452631473541260e-01 1.266264200210571289e+00 5.020132064819335938e-01 1.386961340904235840e-01 -8.420086503028869629e-01 6.266204118728637695e-01 -2.130270190536975861e-02 5.752410888671875000e-01
-7.743452787399291992e-01 2.495056152343750000e+00 -1.336545109748840332e+00 -5.617948770523071289e-01 1.533303380012512207e+00 2.159743547439575195e+00 -3.358700871467590332e-01 1.415883541107177734e+00 3.769639432430267334e-01 -1.620675921440124512e+00
-3.920574858784675598e-02 -7.497363090515136719e-01 -4.736871123313903809e-01 9.591744095087051392e-02 -1.292916417121887207e+00 -8.272744417190551758e-01 -6.273549795150756836e-01 -2.290164232254028320e+00 2.613366842269897461e-01 -8.049669861793518066e-01
-6.035337969660758972e-02 -1.746494770050048828e+00 -1.317552566528320312e+00 -4.568693786859512329e-02 5.248578190803527832e-01 1.329803943634033203e+00 -1.573445796966552734e-01 3.662867546081542969e-01 9.444661140441894531e-01 4.110310971736907959e-01
1.406861066818237305e+00 1.076000928878784180e+00 -2.176429271697998047e+00 -2.705176174640655518e-01 1.468036174774169922e-01 8.968786001205444336e-01 7.901417613029479980e-01 1.786095142364501953e+00 -9.661955833435058594e-01 -2.204385280609130859e+00
-1.899008080363273621e-02 -1.326885938644409180e+00 -3.113380670547485352e+00 6.049239039421081543e-01 9.670400619506835938e-01 2.004589796066284180e+00 4.342490136623382568e-01 -1.095713853836059570e+00 4.502226412296295166e-01 8.618662953376770020e-01
-8.126536607742309570e-01 -7.566364407539367676e-01 1.362941861152648926e-01 -3.309188783168792725e-01 8.056461066007614136e-02 -4.743147790431976318e-01 -2.025420516729354858e-01 -3.201012015342712402e-01 1.355768084526062012e+00 -2.554719448089599609e-01
-2.028408050537109375e+00 6.846801042556762695e-01 -1.694038212299346924e-01 5.118144750595092773e-01 -3.287595808506011963e-01 5.607063174247741699e-01 -7.705669105052947998e-02 1.002693533897399902e+00 -7.385742068290710449e-01 -2.249917745590209961e+00
5.511150956153869629e-01 -8.528999239206314087e-02 1.276514083147048950e-01 -2.264098644256591797e+00 8.236474394798278809e-01 8.562028408050537109e-01 1.571698665618896484e+00 2.030670940876007080e-01 3.743254542350769043e-01 -1.616730928421020508e+00
5.592776536941528320e-01 1.765388101339340210e-01 -5.965904593467712402e-01 1.336890459060668945e+00 3.065318167209625244e-01 2.105432987213134766e+00 1.177948355674743652e+00 -2.418287515640258789e+00 1.345878958702087402e+00 6.156341433525085449e-01
-1.975913405418395996e+00 1.067401885986328125e+00 -8.239868283271789551e-01 8.751742839813232422e-01 -8.390700221061706543e-01 6.750414371490478516e-01 -5.527163147926330566e-01 -3.535611629486083984e-01 4.966992139816284180e-01 -1.051858887076377869e-01
-1.044642686843872070e+00 3.963436186313629150e-01 1.141191348433494568e-01 8.038390874862670898e-01 -1.510195612907409668e+00 9.039952158927917480e-01 7.742423415184020996e-01 -3.130628168582916260e-01 5.359469652175903320e-01 -1.001622319221496582e+00
-9.026504755020141602e-01 -2.141946703195571899e-01 2.064345479011535645e-01 2.671187818050384521e-01 5.421957969665527344e-01 7.699958086013793945e-01 3.257573544979095459e-01 -4.566436111927032471e-01 -8.538375049829483032e-02 7.076694369316101074e-01
-2.420023232698440552e-01 6.739348769187927246e-01 1.666568815708160400e-01 1.367795705795288086e+00 -4.946620166301727295e-01 8.744732141494750977e-01 1.119721755385398865e-01 -8.247536420822143555e-02 -1.404220938682556152e+00 7.532778382301330566e-01
1.993643522262573242e+00 -9.870107769966125488e-01 8.264098763465881348e-01 9.996387958526611328e-01 6.101149320602416992e-01 1.712646842002868652e+00 -4.336256682872772217e-01 -6.852993369102478027e-01 2.405565381050109863e-01 -7.161511778831481934e-01
-1.020901083946228027e+00 -8.487417101860046387e-01 -3.980948328971862793e-01 -2.671050727367401123e-01 6.687100529670715332e-01 1.138845205307006836e+00 7.753010392189025879e-01 1.221402883529663086e+00 -1.094702959060668945e+00 4.501969367265701294e-02
-9.165343046188354492e-01 -1.742532610893249512e+00 4.641270935535430908e-01 -8.104465603828430176e-01 -7.172631621360778809e-01 -6.626245975494384766e-01 -2.012992143630981445e+00 -1.608107239007949829e-01 -4.875326454639434814e-01 -1.661875098943710327e-01
9.135947823524475098e-01 -9.251083135604858398e-01 -5.227909982204437256e-02 1.196479201316833496e+00 3.704173564910888672e-01 -5.818025469779968262e-01 1.089134693145751953e+00 1.314453125000000000e+00 -6.458378434181213379e-01 2.578485310077667236e-01
-2.172528952360153198e-01 -9.272180795669555664e-01 -7.633320689201354980e-01 5.505357310175895691e-02 -8.258064389228820801e-01 1.884694844484329224e-01 -1.126977682113647461e+00 1.403306841850280762e+00 5.551525577902793884e-02 1.733703352510929108e-02
5.748485326766967773e-01 1.530991792678833008e+00 7.459142804145812988e-01 8.361759781837463379e-01 -8.377449512481689453e-01 6.745250821113586426e-01 8.944268226623535156e-01 6.203702688217163086e-01 -1.217325806617736816e+00 2.098172426223754883e+00
3.208077251911163330e-01 -7.545271515846252441e-01 -1.302979350090026855e+00 1.986815810203552246e+00 1.268971323966979980e+00 -8.233892321586608887e-01 -2.660732030868530273e+00 1.204622983932495117e+00 -8.902702331542968750e-01 9.088202714920043945e-01
-8.108039498329162598e-01 1.724327802658081055e+00 -1.175278663635253906e+00 8.607311844825744629e-01 -2.412359789013862610e-02 -8.841019868850708008e-01 1.271521449089050293e+00 -5.724862813949584961e-01 -2.734267711639404297e-02 8.524945378303527832e-01
1.287004828453063965e+00 1.961725205183029175e-01 1.938341140747070312e+00 -5.415017008781433105e-01 -1.509945154190063477e+00 3.515779674053192139e-01 7.509607672691345215e-01 -2.554032802581787109e-01 -6.148438453674316406e-01 -1.326636910438537598e+00
-3.838976323604583740e-01 7.857619524002075195e-01 -2.254721969366073608e-01 3.773365020751953125e-01 -3.533169925212860107e-01 1.253109425306320190e-01 -4.686264395713806152e-01 -1.168006420135498047e+00 -1.069655656814575195e+00 1.095114350318908691e-01
-2.630490303039550781e+00 1.900056153535842896e-01 8.468049764633178711e-01 -8.734672069549560547e-01 -2.279105931520462036e-01 1.189045667648315430e+00 7.348451614379882812e-01 -7.540509104728698730e-01 2.636246383190155029e-01 2.726064026355743408e-01
-8.622324466705322266e-01 1.325340270996093750e+00 -3.935544788837432861e-01 4.171791970729827881e-01 3.244925141334533691e-01 -6.846966743469238281e-01 -1.261470079421997070e+00 -2.911387383937835693e-01 3.199070692062377930e-01 7.887092232704162598e-01
1.245557665824890137e+00 -1.343551278114318848e-01 1.083833575248718262e+00 -8.236362934112548828e-01 -1.160948500037193298e-01 -1.335971117019653320e+00 -7.879897952079772949e-01 3.992134332656860352e-02 8.039909601211547852e-02 -8.018869161605834961e-01
1.429731100797653198e-01 -9.211429953575134277e-01 5.915995314717292786e-02 -1.426387071609497070e+00 -5.373125076293945312e-01 -9.256084561347961426e-01 -1.362286657094955444e-01 6.564801931381225586e-01 -1.524607300758361816e+00 6.442952156066894531e-01
-1.189631968736648560e-01 -3.964321911334991455e-01 -1.044322848320007324e+00 8.218926787376403809e-01 9.429645538330078125e-01 1.019879102706909180e+00 7.399085164070129395e-01 -6.146675348281860352e-01 -1.824930310249328613e-01 -1.249244343489408493e-02
1.814511269330978394e-01 1.331421256065368652e+00 -1.067535758018493652e+00 -7.570433020591735840e-01 -1.806402564048767090e+00 1.578982114791870117e+00 1.750476956367492676e+00 4.332261979579925537e-01 -9.731171131134033203e-01 -8.943471312522888184e-01
7.063230276107788086e-01 9.668631106615066528e-02 5.266448259353637695e-01 4.066455364227294922e-01 -5.970640182495117188e-01 4.692103266716003418e-01 4.729157090187072754e-01 1.129485890269279480e-01 8.756909370422363281e-01 1.395200490951538086e-01
1.034726500511169434e+00 1.403963088989257812e+00 1.405350565910339355e+00 -4.241314530372619629e-01 1.859000802040100098e+00 1.113216638565063477e+00 -3.935269117355346680e-01 6.763467937707901001e-02 -9.932561516761779785e-01 5.920978188514709473e-01
-1.574284076690673828e+00 7.056123614311218262e-01 2.826310098171234131e-01 -5.897247195243835449e-01 1.967371068894863129e-02 -2.146924734115600586e+00 -1.197770833969116211e+00 -1.266475468873977661e-01 6.426237523555755615e-02 8.948531746864318848e-01
-5.305218100547790527e-01 2.760330028831958771e-02 -1.727831006050109863e+00 -1.798917949199676514e-01 9.739318490028381348e-02 -3.451440855860710144e-02 -2.947779297828674316e-01 1.106389760971069336e-01 5.901992917060852051e-01 6.393175721168518066e-01
-1.760504245758056641e+00 -6.815261393785476685e-02 1.004750803112983704e-01 -1.837785094976425171e-01 2.064772844314575195e+00 6.757283806800842285e-01 2.918578684329986572e-01 -5.848340988159179688e-01 4.589530527591705322e-01 1.559504866600036621e+00
-2.134711503982543945e+00 1.329104185104370117e+00 6.825070977210998535e-01 -1.657458841800689697e-01 1.085432410240173340e+00 1.063234329223632812e+00 -6.228795647621154785e-01 1.637905240058898926e+00 -1.999878406524658203e+00 4.275587201118469238e-01
-1.546499609947204590e+00 -1.529201745986938477e+00 1.199658870697021484e+00 -8.695276379585266113e-01 -2.074206113815307617e+00 8.509274572134017944e-02 1.147082924842834473e+00 -1.085811257362365723e+00 -1.643051058053970337e-01 1.006743907928466797e+00
1.616626858711242676e+00 -3.301994800567626953e-01 2.055046260356903076e-01 -9.053972959518432617e-01 3.276496231555938721e-01 4.201146364212036133e-01 2.494355142116546631e-01 2.619672119617462158e-01 1.291916240006685257e-02 1.217175841331481934e+00
-2.204512834548950195e+00 1.660325407981872559e+00 -1.321549177169799805e+00 6.693108081817626953e-01 1.404072403907775879e+00 -9.208952784538269043e-01 2.092439495027065277e-02 -4.438409209251403809e-01 1.714735984802246094e+00 6.303989291191101074e-01
8.476627469062805176e-01 -4.485846683382987976e-02 -7.636799216270446777e-01 -9.510593861341476440e-02 6.665579080581665039e-01 4.283728003501892090e-01 -2.403960376977920532e-01 4.063754081726074219e-01 -5.552752017974853516e-01 8.571860790252685547e-01
1.357259631156921387e+00 5.669258832931518555e-01 3.421277701854705811e-01 -1.268710255622863770e+00 6.975158452987670898e-01 -1.656440138816833496e+00 -2.013055324554443359e+00 2.958339691162109375e+00 -5.003830194473266602e-01 -7.942524552345275879e-01
-2.257834434509277344e+00 -8.458179235458374023e-01 -1.506143808364868164e+00 -5.155135989189147949e-01 -1.983429342508316040e-01 2.377846986055374146e-01 5.778322815895080566e-01 -1.131166696548461914e+00 -6.786218285560607910e-01 1.430426001548767090e+00
-1.427183747291564941e+00 1.161403417587280273e+00 -6.015276908874511719e-01 -1.451536655426025391e+00 -3.086092770099639893e-01 6.070218682289123535e-01 1.245432853698730469e+00 3.799632787704467773e-01 -1.951904296875000000e-01 -5.666269659996032715e-01
-3.920540213584899902e-01 1.394428968429565430e+00 5.288796424865722656e-01 7.279603183269500732e-02 -2.117733478546142578e+00 1.193898200988769531e+00 1.019491672515869141e+00 -1.511502563953399658e-01 -2.864070236682891846e-01 -7.014016509056091309e-01
-9.023584723472595215e-01 2.759953029453754425e-02 1.593117713928222656e+00 1.460538387298583984e+00 -3.392664715647697449e-02 9.176248311996459961e-01 3.890975713729858398e-01 1.365012764930725098e+00 7.120523452758789062e-01 -8.388857841491699219e-01
-9.249319434165954590e-01 -1.264247059822082520e+00 -1.315930008888244629e+00 -4.328449070453643799e-02 6.736128330230712891e-01 5.670519173145294189e-02 -1.440446019172668457e+00 -5.321579575538635254e-01 -2.615156769752502441e-01 2.127256691455841064e-01
3.204632997512817383e-01 -5.881604552268981934e-01 8.752802014350891113e-01 5.477392077445983887e-01 -2.593648135662078857e-01 -1.443288207054138184e+00 8.618745803833007812e-01 3.777870535850524902e-01 -5.544379949569702148e-01 1.691604256629943848e+00
7.194628119468688965e-01 -1.409044861793518066e+00 -9.072913527488708496e-01 -5.592568516731262207e-01 1.163450002670288086e+00 -1.046463608741760254e+00 -1.631007909774780273e+00 2.568240463733673096e-01 3.971340954303741455e-01 7.660526633262634277e-01
7.240720391273498535e-01 -2.673523724079132080e-01 5.992184877395629883e-01 6.452155113220214844e-01 -3.312043547630310059e-01 1.216133013367652893e-01 1.543271660804748535e+00 1.028516888618469238e+00 -3.936742544174194336e-01 -1.656983852386474609e+00
-1.329005599021911621e+00 1.410098910331726074e+00 -9.515043497085571289e-01 -9.982778429985046387e-01 -4.387125074863433838e-01 1.672155976295471191e+00 -8.472158312797546387e-01 1.012612104415893555e+00 -7.947700619697570801e-01 -9.569959044456481934e-01
-2.073001623153686523e+00 -7.737830281257629395e-02 2.880426168441772461e+00 7.794024795293807983e-02 1.385085105895996094e+00 1.577122688293457031e+00 -9.269405603408813477e-01 2.226876914501190186e-01 1.546707898378372192e-01 -3.585727810859680176e-01
-9.825585484504699707e-01 -7.325385808944702148e-01 -3.036733567714691162e-01 6.480805277824401855e-01 1.037209868431091309e+00 -6.833829879760742188e-01 -2.828163504600524902e-01 -5.526204705238342285e-01 3.630945086479187012e-01 -8.120951056480407715e-01
9.465209841728210449e-01 -1.202173709869384766e+00 7.592389583587646484e-01 -7.029753923416137695e-01 -1.625985503196716309e+00 -5.430635213851928711e-01 -1.512171268463134766e+00 -4.831143319606781006e-01 -3.414761722087860107e-01 -4.709797203540802002e-01
7.079825401306152344e-01 -4.991506338119506836e-01 1.296491742134094238e+00 -1.088825702667236328e+00 2.207140922546386719e-01 -1.318135380744934082e+00 -1.929145492613315582e-02 -1.785098910331726074e+00 6.251900196075439453e-01 1.347854971885681152e+00
3.809906542301177979e-01 -5.349909663200378418e-01 -1.474188566207885742e+00 -4.287630915641784668e-01 1.331151247024536133e+00 -2.760484218597412109e-01 1.428401172161102295e-01 -1.601433902978897095e-01 3.879949748516082764e-01 1.202248260378837585e-01
-5.452661514282226562e-01 8.971011042594909668e-01 9.982721805572509766e-01 -1.247948527336120605e+00 -1.208720356225967407e-01 -2.025834918022155762e-01 1.381238341331481934e+00 -4.929187297821044922e-01 6.388580203056335449e-01 4.440765976905822754e-01
4.988127946853637695e-01 5.797205567359924316e-01 -4.454966783523559570e-01 -1.266047060489654541e-01 1.139349699020385742e+00 1.388325214385986328e+00 -8.559443354606628418e-01 -4.876932799816131592e-01 5.225286483764648438e-01 4.954380914568901062e-02
7.265846729278564453e-01 -6.677848696708679199e-01 -2.288690805435180664e-01 -5.792939066886901855e-01 -1.072968602180480957e+00 7.469357848167419434e-01 -1.677563339471817017e-01 -3.692415058612823486e-01 -4.654310345649719238e-01 -2.412127330899238586e-02
7.655079960823059082e-01 1.583271980285644531e+00 1.706501722335815430e+00 1.424831628799438477e+00 -1.095588922500610352e+00 7.551659345626831055e-01 -2.036811828613281250e+00 -1.365713953971862793e+00 -4.845020174980163574e-01 -1.255486726760864258e+00
1.009445339441299438e-01 5.959336757659912109e-01 5.842811465263366699e-01 -8.275839686393737793e-01 6.712776422500610352e-01 -1.664461016654968262e+00 2.854134142398834229e-01 -1.849856972694396973e+00 1.328294038772583008e+00 3.277621418237686157e-02
1.802124261856079102e+00 -1.995039701461791992e+00 -1.478007912635803223e+00 1.537247598171234131e-01 -7.948450446128845215e-01 -6.422286629676818848e-01 -6.009970307350158691e-01 6.119193434715270996e-01 6.733885407447814941e-02 -1.496909558773040771e-01
-1.235091090202331543e+00 9.143112897872924805e-01 9.712354540824890137e-01 -6.074702143669128418e-01 3.913257122039794922e-01 -4.150589108467102051e-01 -1.405962586402893066e+00 9.879663586616516113e-01 -2.673048734664916992e+00 -2.618256568908691406e+00
1.355331420898437500e+00 2.287409752607345581e-01 -1.396905660629272461e+00 -1.976979523897171021e-02 -8.530824184417724609e-01 8.588713407516479492e-01 3.963193297386169434e-02 4.995983541011810303e-01 1.903581321239471436e-01 -7.076587527990341187e-02
1.148807406425476074e+00 -2.467254102230072021e-01 -1.158315762877464294e-01 -6.497569084167480469e-01 -9.615613818168640137e-01 9.173344373703002930e-01 1.317926589399576187e-02 1.862832456827163696e-01 -9.239571094512939453e-01 -3.453818857669830322e-01
-7.612643241882324219e-01 1.454112887382507324e+00 -1.877351284027099609e+00 1.092289447784423828e+00 1.970338672399520874e-01 5.857477188110351562e-01 -6.394523382186889648e-01 -5.609576106071472168e-01 8.302399516105651855e-01 -1.337653279304504395e+00
7.040937542915344238e-01 1.600189447402954102e+00 7.043675780296325684e-01 4.684982895851135254e-01 1.435062646865844727e+00 -2.602904796600341797e+00 -1.123960018157958984e+00 6.652475595474243164e-01 3.270433545112609863e-01 8.807341456413269043e-01
-6.393088698387145996e-01 -1.313938975334167480e+00 -2.402725696563720703e+00 -7.352063655853271484e-01 -1.803057909011840820e+00 2.739375531673431396e-01 -6.205168962478637695e-01 -5.916354656219482422e-01 -3.572621643543243408e-01 -1.034853458404541016e-01
-1.529385894536972046e-01 -3.415113687515258789e-01 5.614972114562988281e-02 7.045839428901672363e-01 7.955870628356933594e-01 6.160500049591064453e-01 -1.213751912117004395e+00 -1.214914679527282715e+00 -3.829817473888397217e-01 1.168118596076965332e+00
-5.460190176963806152e-01 -3.477942943572998047e-01 -1.044348627328872681e-01 9.194303750991821289e-01 1.185320019721984863e+00 -1.551406502723693848e+00 -3.266256302595138550e-02 7.511111497879028320e-01 -1.291425108909606934e+00 2.344790101051330566e-01
1.705949068069458008e+00 4.642402529716491699e-01 -1.549078822135925293e-01 1.703409433364868164e+00 -1.364505290985107422e-02 -8.371629118919372559e-01 -2.687864005565643311e-01 -3.105726838111877441e-01 2.992658913135528564e-01 -5.400190353393554688e-01
-1.863410353660583496e+00 -3.204077109694480896e-02 -8.099728226661682129e-01 -4.702636599540710449e-02 3.744155764579772949e-01 3.498687744140625000e-01 -2.084161520004272461e+00 5.699118375778198242e-01 -2.418815791606903076e-01 -1.350289583206176758e+00
1.276585340499877930e+00 2.439288377761840820e+00 1.340428143739700317e-01 1.239955782890319824e+00 -3.938166797161102295e-01 -2.088128328323364258e+00 -1.846275210380554199e+00 -8.115688562393188477e-01 2.589524686336517334e-01 3.981241285800933838e-01
4.738201498985290527e-01 5.222043395042419434e-01 6.512048654258251190e-03 2.548435926437377930e-01 -6.749875545501708984e-01 -1.218013525009155273e+00 7.709118723869323730e-01 6.217004060745239258e-01 -2.681370735168457031e+00 1.800934433937072754e+00
2.239383310079574585e-01 -1.210291743278503418e+00 4.663523659110069275e-02 -1.225256562232971191e+00 -2.038751363754272461e+00 4.028273224830627441e-01 5.616628527641296387e-01 1.199897766113281250e+00 2.974691987037658691e-01 3.188802301883697510e-01
9.353793263435363770e-01 -1.363655090332031250e+00 3.834425210952758789e-01 6.967969536781311035e-01 -2.117946147918701172e+00 7.160717248916625977e-02 -2.059242248535156250e+00 1.287594437599182129e+00 2.277751684188842773e+00 1.375593423843383789e+00
-1.395964622497558594e-01 -4.442813098430633545e-01 -5.853914618492126465e-01 -1.622127890586853027e-01 9.784650802612304688e-01 -8.284214884042739868e-02 5.020239353179931641e-01 -1.522831201553344727e+00 -2.622723579406738281e-01 -1.343906641006469727e+00
-1.433044433593750000e+00 -7.076532840728759766e-01 2.655580639839172363e-01 4.640295207500457764e-01 1.330875039100646973e+00 -1.775062382221221924e-01 1.562608033418655396e-02 -1.153544336557388306e-01 3.632171154022216797e-01 6.047427654266357422e-01
-1.704748988151550293e+00 -2.384767293930053711e+00 -5.462658405303955078e-01 1.430689811706542969e+00 -1.956471323966979980e+00 2.162645578384399414e+00 3.963792026042938232e-01 1.790011525154113770e+00 1.209540009498596191e+00 8.616194128990173340e-01
7.844057083129882812e-01 -5.070998668670654297e-01 -1.662373423576354980e+00 -7.996590137481689453e-01 1.452978730201721191e+00 -5.127895474433898926e-01 9.018254876136779785e-01 8.144972324371337891e-01 -7.863810062408447266e-01 1.278005599975585938e+00
5.947636365890502930e-01 1.689481616020202637e+00 1.675398051738739014e-01 -1.977756023406982422e-01 -2.757716774940490723e-01 -1.683825105428695679e-01 -1.194817543029785156e+00 4.975536763668060303e-01 -1.696567982435226440e-01 -3.050974369049072266e+00
-1.249002337455749512e+00 -1.880993366241455078e+00 -1.196416616439819336e+00 1.394561290740966797e+00 -1.321587443351745605e+00 1.170478940010070801e+00 9.466260671615600586e-01 -5.194290280342102051e-01 -4.373227655887603760e-01 5.319149494171142578e-01
-1.917733669281005859e+00 5.264980196952819824e-01 4.169228971004486084e-01 7.433949112892150879e-01 -1.088233947753906250e+00 5.011875033378601074e-01 -2.900821864604949951e-01 7.386714220046997070e-02 -6.884734630584716797e-01 -7.340269684791564941e-01
-4.482431113719940186e-01 5.406467914581298828e-01 -1.279501795768737793e+00 -5.172801017761230469e-01 2.296921730041503906e+00 5.959178209304809570e-01 2.717340588569641113e-01 -6.727054715156555176e-01 -9.583047032356262207e-01 -2.290480881929397583e-01
-6.271287202835083008e-01 1.502750635147094727e+00 2.226383924484252930e+00 7.636459469795227051e-01 7.099732160568237305e-01 1.221646785736083984e+00 1.076862931251525879e+00 -2.367951631546020508e+00 1.905036270618438721e-01 -1.132676482200622559e+00
1.262533187866210938e+00 -2.824608325958251953e+00 5.761265158653259277e-01 5.301400423049926758e-01 5.734235048294067383e-01 -7.309845685958862305e-01 1.269037127494812012e+00 -1.245409846305847168e+00 9.659752249717712402e-01 1.163044929504394531e+00
1.256441235542297363e+00 1.200984597206115723e+00 4.631542861461639404e-01 -2.831127047538757324e-01 -2.512322664260864258e+00 -7.744708061218261719e-01 1.636314272880554199e+00 5.235089659690856934e-01 -4.640849530696868896e-01 9.013717174530029297e-01
3.222864866256713867e-01 1.658000588417053223e+00 -7.159094214439392090e-01 1.024810448288917542e-01 6.839680075645446777e-01 -4.251271188259124756e-01 1.545819640159606934e-01 3.158411681652069092e-01 1.830338849686086178e-03 9.554523825645446777e-01
-1.942581295967102051e+00 3.702733516693115234e-01 -2.662556409835815430e+00 -5.889848470687866211e-01 -1.031638860702514648e+00 1.644619107246398926e+00 -1.068345829844474792e-01 5.341914296150207520e-01 1.666706442832946777e+00 -5.574300289154052734e-01
5.685039162635803223e-01 1.187152341008186340e-01 -5.256951451301574707e-01 -1.525742650032043457e+00 5.152600407600402832e-01 1.302505373954772949e+00 -3.189753293991088867e+00 1.065660193562507629e-01 5.478720664978027344e-01 4.333914816379547119e-01
1.050926923751831055e+00 -1.151637673377990723e+00 -1.462071537971496582e+00 3.712391853332519531e-01 1.873157262802124023e+00 7.413575649261474609e-01 6.823472380638122559e-01 -1.967180132865905762e+00 5.521303415298461914e-01 -1.312321901321411133e+00
-4.920422732830047607e-01 1.166104555130004883e+00 3.901933729648590088e-01 -1.422254890203475952e-01 1.323094964027404785e+00 -1.084563255310058594e+00 -5.947356224060058594e-01 1.472089529037475586e+00 -6.066373586654663086e-01 -1.564333915710449219e+00
-1.427477121353149414e+00 1.621428012847900391e+00 9.467931985855102539e-01 8.987466990947723389e-02 8.230317831039428711e-01 4.604757726192474365e-01 9.291884303092956543e-02 8.689239025115966797e-01 -1.199460864067077637e+00 -2.446767091751098633e+00
4.208390116691589355e-01 -1.410443305969238281e+00 -6.565418839454650879e-02 -2.825592517852783203e+00 -4.853407740592956543e-01 -8.350189030170440674e-02 -1.731751114130020142e-01 -3.712049424648284912e-01 5.148988962173461914e-01 -1.101981163024902344e+00
9.367152117192745209e-03 2.744185924530029297e+00 1.230827420949935913e-01 -2.143296003341674805e+00 1.805278182029724121e+00 1.046684145927429199e+00 -1.709521532058715820e+00 2.098947912454605103e-01 -4.845837056636810303e-01 -2.937375009059906006e-01
1.698271751403808594e+00 4.625393450260162354e-01 1.192234516143798828e+00 1.179369568824768066e+00 -4.439378678798675537e-01 -1.580010205507278442e-01 -3.403243124485015869e-01 1.177361011505126953e+00 -6.990803480148315430e-01 -5.734212994575500488e-01
5.075501799583435059e-01 -9.867743253707885742e-01 2.013802528381347656e+00 -2.787927389144897461e+00 -5.719695687294006348e-01 4.642597436904907227e-01 3.758492767810821533e-01 1.465890049934387207e+00 -1.728899240493774414e+00 7.665737271308898926e-01
-6.338129639625549316e-01 5.739483833312988281e-01 1.532797098159790039e+00 -8.094050288200378418e-01 -8.788678050041198730e-01 1.230022907257080078e+00 6.228931546211242676e-01 -6.342684030532836914e-01 7.596402168273925781e-01 2.243426591157913208e-01
8.821100592613220215e-01 -2.967596054077148438e+00 -2.412439435720443726e-01 7.939923405647277832e-01 8.776765465736389160e-01 -1.049829572439193726e-01 -3.836241364479064941e-01 4.365214109420776367e-01 -1.611108422279357910e+00 1.361696004867553711e+00
8.157930374145507812e-01 3.200411796569824219e-01 -1.537581086158752441e-01 -4.993228986859321594e-02 4.027833640575408936e-01 -3.578340411186218262e-01 1.337485671043395996e+00 -7.413429617881774902e-01 2.477575689554214478e-01 -1.698435544967651367e+00
8.023748397827148438e-01 -3.560956120491027832e-01 1.810213774442672729e-01 7.041735649108886719e-01 1.165698543190956116e-01 -6.902508139610290527e-01 -1.408737778663635254e+00 -1.030927896499633789e-01 1.178611278533935547e+00 4.180131554603576660e-01
-6.301211714744567871e-01 1.670661687850952148e+00 -6.385086774826049805e-01 9.932583570480346680e-01 2.301990389823913574e-01 -2.063672989606857300e-01 1.145757913589477539e+00 1.023921132087707520e+00 -9.780790209770202637e-01 -1.871215224266052246e+00
-1.614628076553344727e+00 3.517332673072814941e-01 -1.175750613212585449e+00 6.643306463956832886e-02 5.782577395439147949e-01 9.885874986648559570e-01 -2.277997285127639771e-01 -1.447736471891403198e-01 -3.436272442340850830e-01 -1.554653406143188477e+00
-1.391198277473449707e+00 8.369711041450500488e-02 6.763563752174377441e-01 -1.867280721664428711e+00 -2.015470340847969055e-02 -2.025799900293350220e-01 -2.801128327846527100e-01 3.246043324470520020e-01 2.880143225193023682e-01 -4.513144791126251221e-01
8.511584997177124023e-01 -6.580618023872375488e-01 8.853894472122192383e-01 1.412660479545593262e+00 4.579282104969024658e-01 1.718939542770385742e-01 9.136303663253784180e-01 8.735405802726745605e-01 -8.173395991325378418e-01 -1.871865868568420410e+00
2.680338621139526367e-01 -1.399005413055419922e+00 -1.048158645629882812e+00 -1.083181500434875488e+00 1.143909573554992676e+00 1.517596364021301270e+00 5.121635273098945618e-02 -1.448728293180465698e-01 1.547323703765869141e+00 5.740687847137451172e-01
1.471668124198913574e+00 1.714905977249145508e+00 -1.808282375335693359e+00 1.722768068313598633e+00 -1.354439556598663330e-01 7.572349905967712402e-01 7.334343194961547852e-01 -1.824642866849899292e-01 -9.059780836105346680e-01 -2.485463142395019531e+00
1.680817723274230957e+00 -2.151212692260742188e+00 -9.249776005744934082e-01 -2.477273494005203247e-01 6.405521035194396973e-01 -1.031448960304260254e+00 -1.614289164543151855e+00 -1.499355316162109375e+00 8.205862045288085938e-01 2.134314924478530884e-02
5.320165157318115234e-01 -5.052934288978576660e-01 3.781422674655914307e-01 7.514123320579528809e-01 -1.644488334655761719e+00 1.677633523941040039e+00 -1.104683876037597656e+00 -6.150718927383422852e-01 -6.286528706550598145e-01 -7.341869920492172241e-02
-9.069719910621643066e-01 9.442489743232727051e-01 2.874779105186462402e-01 -1.032334327697753906e+00 2.643903493881225586e-01 -4.084689915180206299e-01 -1.890087604522705078e+00 2.285190343856811523e+00 -3.049719929695129395e-01 9.100151658058166504e-01
-8.780987262725830078e-01 2.804152369499206543e-01 -5.599768757820129395e-01 -1.498653531074523926e+00 -2.643452771008014679e-02 -1.609815508127212524e-01 5.360377579927444458e-02 6.054401397705078125e-01 -1.476224780082702637e+00 -1.885940693318843842e-02
-5.204244256019592285e-01 -2.037914395332336426e-01 1.458239197731018066e+00 -9.553498239256441593e-04 -4.951558411121368408e-01 5.359759330749511719e-01 -1.050449132919311523e+00 8.725414872169494629e-01 9.456973522901535034e-02 1.440095663070678711e+00
4.055697619915008545e-01 -2.313023567199707031e+00 1.557493448257446289e+00 7.620643824338912964e-02 6.249133348464965820e-01 7.293285727500915527e-01 -7.800622582435607910e-01 -1.340804815292358398e+00 -2.406193494796752930e+00 -6.560166478157043457e-01
3.203953802585601807e-01 8.300782442092895508e-01 2.720592319965362549e-01 -2.059815645217895508e+00 9.482885152101516724e-02 1.756857484579086304e-01 1.014247536659240723e+00 1.428542733192443848e+00 -5.570068359375000000e-01 -6.301881670951843262e-01
-6.067969202995300293e-01 -8.411495089530944824e-01 -5.747287273406982422e-01 -1.356012225151062012e-01 6.749153733253479004e-01 1.246329069137573242e+00 1.869120001792907715e+00 -1.286763191223144531e+00 6.439000964164733887e-01 -3.625328242778778076e-01
-9.296147227287292480e-01 -7.970909588038921356e-03 -3.387627601623535156e-01 6.282290220260620117e-01 -4.912954866886138916e-01 -5.469140410423278809e-01 1.208618760108947754e+00 -5.615854859352111816e-01 1.787855476140975952e-01 -5.535878539085388184e-01
-1.541833519935607910e+00 9.341370314359664917e-02 4.620782434940338135e-01 1.114657521247863770e+00 -1.278689384460449219e+00 9.727680087089538574e-01 -1.477829933166503906e+00 5.212465524673461914e-01 -5.034907460212707520e-01 8.403345346450805664e-01
-2.995716929435729980e-01 -3.749445378780364990e-01 -8.321577310562133789e-01 7.368250489234924316e-01 4.246031641960144043e-01 1.169805526733398438e+00 -1.712201237678527832e+00 9.387871623039245605e-02 1.545015811920166016e+00 1.983497858047485352e+00
-3.125899136066436768e-01 -1.770540237426757812e+00 -7.933140993118286133e-01 6.855897307395935059e-01 -7.719136029481887817e-02 -9.719141721725463867e-01 -9.100247025489807129e-01 8.464512228965759277e-01 -1.099884510040283203e+00 -1.954103112220764160e-01
-8.734132647514343262e-01 -1.040440052747726440e-01 -8.155649900436401367e-01 4.782158434391021729e-01 1.590472817420959473e+00 -8.293507099151611328e-01 -2.643894195556640625e+00 -8.736082166433334351e-02 -1.610712647438049316e+00 -8.440760374069213867e-01
3.660367429256439209e-01 -1.000884398818016052e-01 -9.224767088890075684e-01 1.414697468280792236e-01 7.694149017333984375e-01 -6.747953295707702637e-01 3.470328748226165771e-01 8.765298724174499512e-01 -1.504277229309082031e+00 5.429133176803588867e-01
-5.569201111793518066e-01 1.163720726966857910e+00 -1.368963718414306641e-01 -1.211927533149719238e-01 -1.731531381607055664e+00 -5.171062946319580078e-01 -5.632907152175903320e-01 -1.535452485084533691e+00 -2.867266833782196045e-01 -1.107447028160095215e+00
-6.199269890785217285e-01 -1.620586991310119629e+00 2.568213045597076416e-01 7.192283272743225098e-01 -6.680669188499450684e-01 -1.621827244758605957e+00 -2.333766698837280273e+00 3.461542427539825439e-01 1.670426726341247559e+00 -1.622845232486724854e-01
1.189224720001220703e+00 5.306638404726982117e-02 3.901071473956108093e-02 -1.490470886230468750e+00 -6.356605887413024902e-01 2.706472873687744141e-01 1.281486034393310547e+00 1.531481981277465820e+00 1.782280206680297852e-02 -2.369360476732254028e-01
-2.929804325103759766e-01 -8.447386026382446289e-01 -4.135444462299346924e-01 2.916139662265777588e-01 -1.440129756927490234e+00 7.769912481307983398e-01 -5.384368300437927246e-01 5.083847045898437500e-01 1.164736151695251465e-01 -2.885774672031402588e-01
5.917088985443115234e-01 -3.521460294723510742e-01 4.076875746250152588e-01 -1.073180317878723145e+00 6.147267818450927734e-01 -1.325247287750244141e+00 -1.088930249214172363e+00 2.545643448829650879e-01 -5.625398159027099609e-01 5.412368178367614746e-01
5.436851382255554199e-01 -6.335854530334472656e-02 -7.674371600151062012e-01 -4.637289047241210938e-01 4.218752384185791016e-01 -1.271859884262084961e+00 -1.743819832801818848e+00 5.588525533676147461e-01 -7.522595524787902832e-01 5.947440117597579956e-02
-3.344666063785552979e-01 4.065098166465759277e-01 -1.048462390899658203e+00 2.451418936252593994e-01 9.675536751747131348e-01 -8.726512789726257324e-01 1.901256144046783447e-01 -5.731852650642395020e-01 -3.756786882877349854e-01 -1.734244674444198608e-01
-2.055821895599365234e+00 -7.778517603874206543e-01 -2.991524934768676758e+00 -1.057188034057617188e+00 2.585981845855712891e+00 -1.038805246353149414e+00 -8.748132586479187012e-01 -9.295709133148193359e-01 5.816098451614379883e-01 -7.874711155891418457e-01
1.331267356872558594e-01 3.499292433261871338e-01 5.921046733856201172e-01 7.915974855422973633e-01 4.155385792255401611e-01 -1.197487354278564453e+00 -8.835126757621765137e-01 2.295559644699096680e+00 -2.966298580169677734e+00 1.958726197481155396e-01
7.369430661201477051e-01 -4.914952814579010010e-01 1.055879831314086914e+00 -1.193303227424621582e+00 -2.532838284969329834e-01 -8.739761710166931152e-01 1.797301888465881348e+00 5.505298376083374023e-01 1.490540981292724609e+00 -2.561643838882446289e+00
5.120462179183959961e-01 5.288644507527351379e-02 3.319704830646514893e-01 -7.202508449554443359e-01 -1.139077782630920410e+00 -8.913940787315368652e-01 -1.443269610404968262e+00 -6.975758671760559082e-01 -4.115050733089447021e-01 -3.074070513248443604e-01
-8.920221924781799316e-01 -2.304506003856658936e-01 -6.192592382431030273e-01 -8.306078314781188965e-01 1.764884889125823975e-01 1.492936134338378906e+00 -1.842795372009277344e+00 8.737435936927795410e-01 -2.014760494232177734e+00 -3.702715933322906494e-01
4.538003802299499512e-01 1.082061409950256348e+00 6.460456848144531250e-01 -1.684174776077270508e+00 3.797059357166290283e-01 1.626767754554748535e+00 -6.424564719200134277e-01 -1.109101414680480957e+00 -4.359898269176483154e-01 8.290956020355224609e-01
-2.672651410102844238e-01 -1.290205955505371094e+00 1.881182312965393066e+00 -1.607449054718017578e+00 6.366585493087768555e-01 -9.799092411994934082e-01 -1.203077659010887146e-01 -5.639020800590515137e-01 -1.056662082672119141e+00 -2.146237850189208984e+00
-1.742832958698272705e-01 1.012630462646484375e+00 1.081326380372047424e-01 -4.813256263732910156e-01 -2.255635499954223633e+00 7.688292264938354492e-01 4.397446289658546448e-02 -1.964614838361740112e-01 1.642693758010864258e+00 2.716436684131622314e-01
-5.169775485992431641e-01 8.548386096954345703e-01 1.487885832786560059e+00 -1.155773282051086426e+00 -9.409038424491882324e-01 1.902797937393188477e+00 1.609863758087158203e+00 7.572767734527587891e-01 -8.287785053253173828e-01 -2.204675436019897461e+00
-7.560940831899642944e-02 8.127307146787643433e-02 9.847148060798645020e-01 1.271509885787963867e+00 1.187746882438659668e+00 -6.808092445135116577e-02 1.109044477343559265e-01 2.142118364572525024e-01 1.138405278325080872e-01 -4.502876698970794678e-01
3.814312219619750977e-01 -1.515687227249145508e+00 3.844889998435974121e-01 1.047867894172668457e+00 7.793211340904235840e-01 -8.828806877136230469e-02 1.268891930580139160e+00 -1.502343058586120605e+00 1.522580146789550781e+00 -1.322558760643005371e+00
-9.437526464462280273e-01 6.685313582420349121e-02 -4.015300273895263672e-01 -2.386964797973632812e+00 8.493783473968505859e-01 -1.012989163398742676e+00 -2.254352718591690063e-02 1.135163903236389160e+00 -6.009626761078834534e-02 1.678179740905761719e+00
-2.282362222671508789e+00 -1.131682991981506348e+00 6.918047070503234863e-01 6.477286219596862793e-01 -1.539917349815368652e+00 -1.300608038902282715e+00 -9.814172983169555664e-01 1.601853519678115845e-01 1.139196753501892090e+00 -1.712677597999572754e+00
-1.098958134651184082e+00 -2.094630897045135498e-01 6.731061339378356934e-01 6.821310520172119141e-01 -1.343191623687744141e+00 -1.142686963081359863e+00 1.385505199432373047e+00 6.194900870323181152e-01 1.077474951744079590e+00 5.150779485702514648e-01
7.393752038478851318e-02 -7.144049406051635742e-01 3.205139636993408203e-01 -2.548724710941314697e-01 -3.210918426513671875e+00 1.297924757003784180e+00 6.754699945449829102e-01 1.170278549194335938e+00 5.457245707511901855e-01 7.427338510751724243e-02
-5.770072340965270996e-01 3.614249825477600098e-01 1.486700415611267090e+00 1.940286278724670410e+00 -2.169387340545654297e-01 1.483927726745605469e+00 3.036609590053558350e-01 -1.208871483802795410e+00 1.495164155960083008e+00 2.732711136341094971e-01
3.719491362571716309e-01 -6.390214562416076660e-01 -4.548962116241455078e-01 -1.279568552970886230e+00 5.810193419456481934e-01 1.582942306995391846e-01 2.912693023681640625e-01 -7.640804648399353027e-01 9.116751551628112793e-01 8.763323426246643066e-01
-1.910019814968109131e-01 -1.296234011650085449e+00 1.948065876960754395e+00 2.364654988050460815e-01 5.782775282859802246e-01 -4.814484119415283203e-01 -2.491631507873535156e+00 3.947876393795013428e-01 1.340675830841064453e+00 8.535087108612060547e-02
1.024544835090637207e+00 5.765324234962463379e-01 -6.373984813690185547e-01 -1.201616764068603516e+00 -1.800768077373504639e-04 8.019452691078186035e-01 3.307035863399505615e-01 -8.266832232475280762e-01 -7.237981557846069336e-01 -8.638467639684677124e-02
-1.475960135459899902e+00 9.555649757385253906e-02 -1.059407472610473633e+00 7.490658760070800781e-02 -1.018942952156066895e+00 3.222176730632781982e-01 -6.448616981506347656e-01 1.493417024612426758e+00 -1.254072546958923340e+00 6.283876299858093262e-01
-1.513480186462402344e+00 1.199264526367187500e+00 2.267039299011230469e+00 -2.510387301445007324e-01 1.946847438812255859e-01 1.062009453773498535e+00 4.016556143760681152e-01 1.820321083068847656e-01 2.277356624603271484e+00 -7.919060438871383667e-02
2.971824109554290771e-01 -1.895342946052551270e+00 7.565726041793823242e-01 -1.016701459884643555e+00 1.301506638526916504e+00 -1.693865209817886353e-01 9.031583666801452637e-01 -3.687312602996826172e-01 1.440654397010803223e+00 5.438680648803710938e-01
3.528485596179962158e-01 -1.381716609001159668e+00 -8.656246066093444824e-01 1.910884380340576172e-01 2.916734218597412109e-01 3.390388190746307373e-01 -1.057161927223205566e+00 7.500756978988647461e-01 9.062535166740417480e-01 -6.745014106854796410e-04
4.611911177635192871e-01 -1.076767325401306152e+00 1.085104122757911682e-01 6.370577961206436157e-02 -1.006033897399902344e+00 8.037146925926208496e-02 -1.314743161201477051e-01 -6.061462685465812683e-02 6.425536870956420898e-01 -7.914690971374511719e-01
-1.302363514900207520e+00 -1.202951908111572266e+00 1.286920666694641113e+00 1.335367202758789062e+00 -2.085677146911621094e+00 -2.899834394454956055e+00 1.065331935882568359e+00 -3.520313650369644165e-02 -6.391682028770446777e-01 4.279518723487854004e-01
4.209417700767517090e-01 -7.886268496513366699e-01 1.679383516311645508e-01 -2.122153520584106445e+00 9.393428564071655273e-01 -6.637613773345947266e-01 -9.448693990707397461e-01 1.074321508407592773e+00 -1.105670109391212463e-01 6.183400750160217285e-01
7.255286574363708496e-01 -5.599911808967590332e-01 -7.470958828926086426e-01 -3.970462828874588013e-03 -4.601863026618957520e-02 -2.992406487464904785e-01 -1.743650078773498535e+00 1.836306303739547729e-01 6.628710627555847168e-01 2.279362440109252930e+00
1.292736411094665527e+00 -1.834501504898071289e+00 -1.268395632505416870e-01 4.168539643287658691e-01 -1.510526090860366821e-01 -1.651606202125549316e+00 1.324169754981994629e+00 1.362709403038024902e+00 -4.357919692993164062e-01 -1.904975622892379761e-01
-1.358404040336608887e+00 1.294831931591033936e-01 -1.105929017066955566e+00 -1.435619890689849854e-01 -2.421108007431030273e+00 -8.875272423028945923e-02 -1.087742090225219727e+00 2.727876305580139160e-01 -2.292998552322387695e+00 2.294723540544509888e-01
1.071936488151550293e+00 -7.501652836799621582e-01 -2.933160781860351562e+00 3.588131368160247803e-01 4.311689138412475586e-01 8.697958588600158691e-01 -1.631376862525939941e+00 -6.037023290991783142e-02 1.632635951042175293e+00 1.059386014938354492e+00
2.455480247735977173e-01 -1.524008274078369141e+00 6.372560262680053711e-01 9.060235023498535156e-01 -2.282078713178634644e-01 2.466564923524856567e-01 -1.588356852531433105e+00 -8.775160312652587891e-01 6.042052507400512695e-01 3.874507844448089600e-01
8.288359642028808594e-02 -9.557221531867980957e-01 -1.191519618034362793e+00 -1.126672148704528809e+00 5.350762009620666504e-01 7.630191743373870850e-02 -6.033152714371681213e-02 -5.452358722686767578e-01 -5.347390174865722656e-01 5.174566507339477539e-01
1.233042001724243164e+00 1.863227367401123047e+00 -1.790085554122924805e+00 -3.827373683452606201e-01 -1.940057158470153809e+00 1.149439096450805664e+00 1.564183235168457031e+00 -1.213817119598388672e+00 3.136042058467864990e-01 1.294215202331542969e+00
-1.098435640335083008e+00 -6.365795135498046875e-01 -1.232673525810241699e-01 1.157110333442687988e+00 6.472798585891723633e-01 6.379600614309310913e-02 -9.455709457397460938e-01 1.573790013790130615e-01 5.929204821586608887e-01 1.281901359558105469e+00
1.675142645835876465e+00 -2.795365452766418457e-01 -9.631879329681396484e-01 3.570070266723632812e-01 1.932722449302673340e+00 -8.289283514022827148e-01 -9.567317962646484375e-01 -1.623216867446899414e-01 -2.222272872924804688e+00 -2.366400718688964844e+00
8.050410151481628418e-01 1.311323404312133789e+00 1.426870226860046387e-01 1.753085404634475708e-01 -1.136179566383361816e+00 -1.243664741516113281e+00 1.150934219360351562e+00 -1.713307350873947144e-01 -8.760747909545898438e-01 3.389143347740173340e-01
9.672345221042633057e-02 -1.438924372196197510e-01 1.051767230033874512e+00 -1.387045145034790039e+00 4.675590395927429199e-01 -5.416812300682067871e-01 1.047307133674621582e+00 -2.609941959381103516e-01 -1.773892045021057129e+00 -8.994084596633911133e-01
-1.339793056249618530e-01 7.720037549734115601e-02 3.565690517425537109e-01 8.380045741796493530e-02 -5.440767407417297363e-01 -9.519089460372924805e-01 3.170259669423103333e-02 -1.958063483238220215e+00 -1.254909336566925049e-01 -5.760663747787475586e-01
4.148990809917449951e-01 -7.526717185974121094e-01 4.837290346622467041e-01 1.779169678688049316e+00 -2.751033604145050049e-01 -2.644309997558593750e-01 -5.451143980026245117e-01 5.674284696578979492e-01 4.599419236183166504e-01 -2.130196802318096161e-02
-1.251001507043838501e-01 1.293642818927764893e-01 3.307869732379913330e-01 -9.719469547271728516e-01 1.114565491676330566e+00 -1.052205443382263184e+00 -3.414535149931907654e-02 -6.804438829421997070e-01 3.662241101264953613e-01 1.388484239578247070e+00
6.028617545962333679e-02 -4.097725823521614075e-02 -1.858651518821716309e+00 -4.008008241653442383e-01 -2.868233442306518555e+00 -2.717573940753936768e-01 -9.088841080665588379e-01 9.535722732543945312e-01 4.254919588565826416e-01 8.512793183326721191e-01
-5.764594674110412598e-01 2.597869932651519775e-01 3.872833549976348877e-01 8.546669483184814453e-01 -1.672156095504760742e+00 -8.806719183921813965e-01 6.681597232818603516e-02 1.047705173492431641e+00 -1.261964201927185059e+00 7.624359130859375000e-01
2.140529394149780273e+00 1.367674171924591064e-01 -3.375246226787567139e-01 3.008434772491455078e-01 -2.200042724609375000e+00 1.521438121795654297e+00 1.891071677207946777e+00 -8.437467366456985474e-02 -1.925809144973754883e+00 -1.572139412164688110e-01
-1.005067706108093262e+00 -1.538015365600585938e+00 -8.675873279571533203e-01 6.892746090888977051e-01 -2.848872840404510498e-01 6.295407414436340332e-01 -7.974795699119567871e-01 -1.263377785682678223e+00 6.205164194107055664e-01 -3.651528358459472656e-01
1.357493400573730469e+00 -8.306693434715270996e-01 1.183323979377746582e+00 -2.579789757728576660e-01 -6.167719364166259766e-01 1.291778564453125000e+00 -3.116244673728942871e-01 1.604818940162658691e+00 -9.703218936920166016e-01 -3.190202713012695312e-01
-9.284004569053649902e-02 1.243104338645935059e+00 1.717442154884338379e+00 3.814075142145156860e-02 -1.637445926666259766e+00 1.222017168998718262e+00 -1.186517596244812012e+00 1.051463961601257324e+00 7.493991255760192871e-01 -2.338895797729492188e-01
-7.544703483581542969e-01 2.898229658603668213e-01 3.578654229640960693e-01 -1.279828399419784546e-01 -1.848159193992614746e+00 -3.277553319931030273e-01 7.712478749454021454e-03 -2.126124143600463867e+00 3.219465017318725586e-01 3.498333692550659180e-01
4.507033228874206543e-01 2.461563348770141602e+00 -4.155579507350921631e-01 8.878012299537658691e-01 9.431542158126831055e-01 1.448985040187835693e-01 5.396320223808288574e-01 1.496653795242309570e+00 -9.998966753482818604e-02 -7.722467184066772461e-02
8.474122881889343262e-01 2.190119028091430664e-01 -1.816345930099487305e+00 9.039652943611145020e-01 -5.737046524882316589e-02 6.222642660140991211e-01 -2.577961087226867676e-01 3.007073327898979187e-02 1.148962751030921936e-01 -6.550886034965515137e-01
1.861726760864257812e+00 -1.186975955963134766e+00 3.849495053291320801e-01 -7.020329236984252930e-01 -4.254483580589294434e-01 -8.239665627479553223e-01 5.158443450927734375e-01 1.312194228172302246e+00 2.392496824264526367e+00 1.850582361221313477e-01
-6.961876153945922852e-01 -4.756950139999389648e-01 -8.641943335533142090e-01 -1.619195938110351562e+00 -7.738578319549560547e-01 1.341322064399719238e+00 7.454699873924255371e-01 -4.274941086769104004e-01 2.034587144851684570e+00 -8.891772031784057617e-01
-1.875152587890625000e-01 -6.284077763557434082e-01 1.358394026756286621e+00 1.364544630050659180e-01 4.737236499786376953e-01 2.674949765205383301e-01 6.213232874870300293e-01 4.308324158191680908e-01 1.255867600440979004e+00 -8.207296133041381836e-01
-1.581958085298538208e-01 1.587210416793823242e+00 1.170770645141601562e+00 1.538517832756042480e+00 8.409730195999145508e-01 -1.137674897909164429e-01 1.189993739128112793e+00 -1.112344339489936829e-01 -1.417116641998291016e+00 -3.503122031688690186e-01
-7.808982133865356445e-01 -3.300869166851043701e-01 -9.448148012161254883e-01 -6.273465156555175781e-01 1.492401719093322754e+00 4.393694102764129639e-01 2.062494307756423950e-01 -6.992318481206893921e-02 1.050008162856101990e-01 1.406504511833190918e+00
1.504108071327209473e+00 -9.835253953933715820e-01 -3.188068866729736328e-01 2.554848492145538330e-01 -4.570505023002624512e-01 7.312433421611785889e-02 -2.630198597908020020e-01 -1.390378952026367188e+00 -1.880466222763061523e+00 -3.124431073665618896e-01
1.901444673538208008e+00 -4.020750522613525391e-01 9.532781839370727539e-01 -6.699950098991394043e-01 5.494018197059631348e-01 9.563830494880676270e-01 1.930728077888488770e+00 2.880641631782054901e-02 1.746669888496398926e+00 -2.387592315673828125e+00
1.059757918119430542e-01 -1.239545702934265137e+00 -9.933507442474365234e-01 -1.285940885543823242e+00 2.417682111263275146e-02 -5.521196722984313965e-01 1.838940382003784180e+00 -6.646647453308105469e-01 1.022103056311607361e-01 -7.247252464294433594e-01
-8.784305453300476074e-01 -1.185800313949584961e+00 7.380869984626770020e-01 -1.222955882549285889e-01 1.095669642090797424e-01 -7.720421552658081055e-01 1.015651702880859375e+00 4.172070920467376709e-01 2.793943285942077637e-01 5.269499421119689941e-01
-3.668587803840637207e-01 -3.611688315868377686e-01 1.711835414171218872e-01 5.674099326133728027e-01 1.223179101943969727e+00 5.465854406356811523e-01 5.375471711158752441e-01 -1.413933277130126953e+00 -8.754739165306091309e-01 2.214085578918457031e+00
4.153693318367004395e-01 2.340192079544067383e+00 -2.249188572168350220e-01 1.576633304357528687e-01 -2.579601407051086426e-01 -1.166652083396911621e+00 -5.487958192825317383e-01 7.440742254257202148e-01 5.899075269699096680e-01 -2.530990600585937500e+00
7.899641245603561401e-02 4.768035113811492920e-01 -9.331614375114440918e-01 -3.794135153293609619e-01 -9.208642244338989258e-01 -1.366166353225708008e+00 2.437692642211914062e+00 3.541085124015808105e-01 7.620866298675537109e-01 2.915859222412109375e-02
-1.211682558059692383e+00 8.831429481506347656e-02 3.419207930564880371e-01 -3.150609433650970459e-01 9.679349660873413086e-01 -7.712116837501525879e-01 5.787824392318725586e-01 2.895272374153137207e-01 8.953460454940795898e-01 -5.283536314964294434e-01
8.493614792823791504e-01 -6.716772168874740601e-02 7.610341310501098633e-01 -1.567425727844238281e-01 -1.320757120847702026e-01 6.127669811248779297e-01 -1.904118508100509644e-01 1.042015194892883301e+00 9.930794835090637207e-01 -8.008405566215515137e-01
-2.077833175659179688e+00 4.086799323558807373e-01 3.222370753064751625e-03 8.583982586860656738e-01 4.116796851158142090e-01 -9.012309908866882324e-01 -1.459734559059143066e+00 1.766598939895629883e+00 -1.596106052398681641e+00 5.055549740791320801e-01
-1.577832102775573730e+00 1.657670021057128906e+00 1.609467625617980957e+00 -1.040729999542236328e+00 4.997461438179016113e-01 -8.496553450822830200e-02 -5.225918292999267578e-01 -1.310420274734497070e+00 -1.695988535881042480e+00 -2.086986780166625977e+00
-2.304835617542266846e-01 9.771031737327575684e-01 -1.996913254261016846e-01 1.473648697137832642e-01 3.247246444225311279e-01 -2.338475920259952545e-02 1.670073270797729492e+00 3.919469565153121948e-02 1.067949295043945312e+00 9.026608467102050781e-01
1.852707862854003906e+00 -8.219075798988342285e-01 1.955251097679138184e-01 -5.858605504035949707e-01 -9.257097840309143066e-01 -4.411511421203613281e-01 5.451840758323669434e-01 5.623946189880371094e-01 -1.576935172080993652e+00 -2.050826787948608398e+00
-2.600562274456024170e-01 9.273836016654968262e-02 5.397819280624389648e-01 -1.545254141092300415e-01 -1.134042024612426758e+00 -3.138887584209442139e-01 -6.475661993026733398e-01 -1.775294423103332520e+00 -3.022212684154510498e-01 -5.621104836463928223e-01
-1.228796482086181641e+00 -1.286677360534667969e+00 -3.368035256862640381e-01 -1.931336522102355957e+00 9.335414171218872070e-01 7.284554243087768555e-01 1.535660862922668457e+00 -3.506324887275695801e-01 6.399069428443908691e-01 3.474880382418632507e-02
-1.198843121528625488e+00 -1.783073544502258301e+00 4.013736918568611145e-02 5.804126262664794922e-01 5.043575074523687363e-03 6.317386627197265625e-01 7.116473317146301270e-01 -7.005333900451660156e-01 -1.810598820447921753e-01 -1.818649172782897949e-01
-9.659674167633056641e-01 9.204391241073608398e-01 -3.966322913765907288e-02 7.153498530387878418e-01 -2.818591833114624023e+00 1.916247844696044922e+00 -5.699070692062377930e-01 -1.087410569190979004e+00 -7.461186647415161133e-01 -1.903896093368530273e+00
9.850084185600280762e-01 -2.267757356166839600e-01 5.260704159736633301e-01 -2.696265578269958496e-01 4.915056228637695312e-01 1.529635116457939148e-02 8.675612807273864746e-01 3.549407124519348145e-01 6.108342409133911133e-01 -8.796924948692321777e-01
3.104110062122344971e-01 2.013533592224121094e+00 1.847118288278579712e-01 8.665555715560913086e-01 -9.575389623641967773e-01 -1.105457544326782227e+00 9.486550837755203247e-02 3.726450204849243164e-01 -2.830674648284912109e-01 6.069613099098205566e-01
-3.647841215133666992e-01 2.604533910751342773e+00 1.236694693565368652e+00 -9.069227576255798340e-01 -8.391034007072448730e-01 1.316667199134826660e+00 -2.117409929633140564e-02 1.364020943641662598e+00 4.910180717706680298e-02 1.772389292716979980e+00
-3.600403666496276855e-01 -1.677773714065551758e+00 -6.215401291847229004e-01 8.265523612499237061e-02 7.512089014053344727e-01 -5.220501422882080078e-01 1.198589801788330078e+00 -7.924781441688537598e-01 4.082390666007995605e-01 -6.678867936134338379e-01
4.211046993732452393e-01 -1.740731477737426758e+00 -1.377953648567199707e+00 -9.092985987663269043e-01 -2.386160790920257568e-01 7.740473151206970215e-01 1.049484491348266602e+00 -9.316279888153076172e-01 6.193372011184692383e-01 1.306797623634338379e+00
-2.995976686477661133e+00 7.165075838565826416e-02 -1.152146458625793457e+00 2.153217315673828125e+00 -7.251914739608764648e-01 5.328561663627624512e-01 -2.196266889572143555e+00 -2.236804246902465820e+00 9.312721490859985352e-01 -1.691995859146118164e+00
1.604204028844833374e-01 -5.400140881538391113e-01 -6.504132598638534546e-02 7.195241004228591919e-02 -4.540051892399787903e-02 -1.036696434020996094e+00 -1.056439518928527832e+00 2.317213565111160278e-01 3.653523921966552734e-01 1.072053313255310059e+00
-5.082702040672302246e-01 3.502745330333709717e-01 -2.577293872833251953e+00 -1.811872720718383789e+00 1.282828330993652344e+00 -2.283184975385665894e-01 5.997857451438903809e-01 4.317701756954193115e-01 8.786087483167648315e-02 -1.244838595390319824e+00
-3.038359582424163818e-01 7.242829799652099609e-01 6.012435555458068848e-01 -1.683669835329055786e-01 8.327370882034301758e-01 -2.034678608179092407e-01 -1.634915620088577271e-01 -3.953587636351585388e-02 -1.163446426391601562e+00 9.658414721488952637e-01
-9.287533760070800781e-01 8.857591748237609863e-01 9.110557436943054199e-01 -1.035123109817504883e+00 -2.351571083068847656e+00 1.543483287096023560e-01 6.052095293998718262e-01 1.362980246543884277e+00 -1.183994650840759277e+00 -2.864517271518707275e-01
9.629044532775878906e-01 -1.903058588504791260e-02 -7.140270471572875977e-01 -1.454994082450866699e+00 -9.387400746345520020e-01 3.929233551025390625e-01 -1.504804015159606934e+00 9.238358139991760254e-01 2.164978981018066406e+00 1.489064931869506836e+00
-5.288596153259277344e-01 -8.239113688468933105e-01 2.092018604278564453e+00 3.869295716285705566e-01 4.437041282653808594e-01 1.195061802864074707e+00 3.910228908061981201e-01 1.556231737136840820e+00 4.169225990772247314e-01 -1.179028034210205078e+00
7.821940183639526367e-01 -1.238625273108482361e-01 2.864245474338531494e-01 -1.067928433418273926e+00 -1.323539376258850098e+00 3.860171735286712646e-01 1.680582523345947266e+00 -1.656221747398376465e+00 5.253351926803588867e-01 1.729003071784973145e+00
1.100562453269958496e+00 8.714738488197326660e-02 6.245353221893310547e-01 -1.133031118661165237e-02 -4.993694424629211426e-01 -1.677752852439880371e+00 -5.851235985755920410e-01 -4.021788015961647034e-02 -7.876332998275756836e-01 3.910622596740722656e-01
-1.121824374422430992e-03 -1.124043762683868408e-01 4.390042722225189209e-01 1.867691636085510254e+00 -1.057476162910461426e+00 1.670383930206298828e+00 5.047322511672973633e-01 -2.346883416175842285e-01 7.874674201011657715e-01 2.076067626476287842e-01
-6.642145514488220215e-01 1.065708026289939880e-01 6.943151950836181641e-01 6.448842287063598633e-01 9.838764667510986328e-01 -1.339295133948326111e-02 -1.013224363327026367e+00 -3.702349364757537842e-01 1.825435608625411987e-01 6.266379356384277344e-01
-2.014464139938354492e-01 1.248932600021362305e+00 -1.685175657272338867e+00 3.818930387496948242e-01 3.467972874641418457e-01 -3.851400315761566162e-01 -1.076771784573793411e-02 -5.112645030021667480e-01 -1.813291668891906738e+00 -8.284780383110046387e-01
2.680837631225585938e+00 1.057469844818115234e+00 1.728468537330627441e+00 3.120860755443572998e-01 -8.171832561492919922e-01 -8.605017662048339844e-01 1.374269723892211914e-01 -5.164569020271301270e-01 9.847514629364013672e-01 6.070116162300109863e-01
-1.629561305046081543e+00 -7.074942588806152344e-01 8.327910900115966797e-01 7.610426545143127441e-01 -1.689685583114624023e-01 -3.763851523399353027e-01 -4.193419516086578369e-01 -1.477242913097143173e-02 1.212011948227882385e-01 -5.272675156593322754e-01
-7.768897414207458496e-01 -3.559681177139282227e-01 -1.312355875968933105e+00 9.210611581802368164e-01 -6.484606266021728516e-01 -2.370682507753372192e-01 6.940804123878479004e-01 -1.232123613357543945e+00 -3.422321677207946777e-01 -2.924768328666687012e-01
-5.645481348037719727e-01 1.942329168319702148e+00 3.741535544395446777e-01 9.654517769813537598e-01 6.088343858718872070e-01 -2.842545211315155029e-01 -1.372168660163879395e-01 -2.858981192111968994e-01 -7.500051707029342651e-02 2.168649733066558838e-01
-2.342236995697021484e+00 1.092366099357604980e+00 4.153095483779907227e-01 -1.755084037780761719e+00 9.145231917500495911e-03 -4.068762660026550293e-01 5.466417670249938965e-01 -1.003676176071166992e+00 -1.357429102063179016e-02 8.537166118621826172e-01
1.673820972442626953e+00 -5.738204717636108398e-01 3.642851859331130981e-02 7.695062756538391113e-01 -3.259841352701187134e-02 -8.486030697822570801e-01 1.189746260643005371e+00 7.963415384292602539e-01 1.354620337486267090e+00 -1.300065040588378906e+00
7.567903399467468262e-01 -1.325991511344909668e+00 1.476201534271240234e+00 1.146490216255187988e+00 -1.125673651695251465e+00 -3.031854629516601562e-01 -7.249687612056732178e-02 -2.290563732385635376e-01 -4.755024015903472900e-01 1.006148338317871094e+00
1.707430362701416016e+00 -1.332630872726440430e+00 6.158070266246795654e-02 8.523440361022949219e-01 -9.417659044265747070e-01 8.861363530158996582e-01 -3.004371747374534607e-02 -2.597378253936767578e+00 -3.380658030509948730e-01 -1.393362998962402344e+00
4.937418699264526367e-01 1.412311792373657227e+00 -5.118474364280700684e-01 5.713078379631042480e-01 1.679041504859924316e+00 -2.557551145553588867e+00 1.357125788927078247e-01 -3.333989158272743225e-02 -3.133413493633270264e-01 1.043661594390869141e+00
6.983241438865661621e-01 -9.705485105514526367e-01 -3.419933319091796875e-01 7.690780162811279297e-01 -5.341911315917968750e-01 4.036149978637695312e-01 -7.147960662841796875e-01 6.282973289489746094e-01 5.385012179613113403e-02 6.126407980918884277e-01
-3.989669084548950195e-01 -7.874648272991180420e-02 -1.409546375274658203e+00 -8.795988559722900391e-02 3.565271943807601929e-02 6.707757115364074707e-01 9.524672627449035645e-01 3.966908752918243408e-01 8.961055874824523926e-01 -9.315478801727294922e-01
3.007557988166809082e-01 3.162732124328613281e-01 4.445362091064453125e-01 -3.175344467163085938e-01 4.911536276340484619e-01 -1.880505323410034180e+00 -2.611595392227172852e+00 1.152906417846679688e+00 -2.308586686849594116e-01 1.004245519638061523e+00
3.036496639251708984e-01 8.529869839549064636e-03 -7.679208517074584961e-01 -8.095106482505798340e-02 1.442818045616149902e+00 6.112670898437500000e-01 3.313732743263244629e-01 -1.960991621017456055e+00 -7.573036476969718933e-03 6.562441587448120117e-01
-2.463870048522949219e+00 -1.900748372077941895e+00 3.723467290401458740e-01 -3.924267292022705078e-01 -3.270845115184783936e-01 1.816318929195404053e-01 -7.528072595596313477e-01 2.382599264383316040e-01 -2.839401960372924805e+00 -5.670521855354309082e-01
-8.514010906219482422e-01 -4.083639979362487793e-01 -8.767325282096862793e-01 -1.169387936592102051e+00 -6.617150902748107910e-01 8.414383530616760254e-01 4.235656857490539551e-01 -1.462365269660949707e+00 2.056884467601776123e-01 5.303112268447875977e-01
-6.475682556629180908e-02 2.557847261428833008e+00 6.474459767341613770e-01 -9.404802918434143066e-01 1.838004589080810547e+00 -1.300113677978515625e+00 1.511394023895263672e+00 -2.354304790496826172e+00 -2.993955016136169434e-01 -2.461362183094024658e-01
-2.230341434478759766e+00 -1.461888670921325684e+00 6.656244397163391113e-01 -1.939950436353683472e-01 -5.742899179458618164e-01 -2.773283421993255615e-01 -6.318265199661254883e-01 -1.051999211311340332e+00 1.966008305549621582e+00 -1.732413768768310547e-01
5.017453432083129883e-02 2.009790390729904175e-02 -6.063202619552612305e-01 -1.800161004066467285e+00 2.233469933271408081e-01 3.661791980266571045e-01 2.907823324203491211e-01 -7.244901061058044434e-01 -1.303402185440063477e+00 -8.929075002670288086e-01
1.403957247734069824e+00 8.239166736602783203e-01 6.733919978141784668e-01 1.594717741012573242e+00 -1.712610602378845215e+00 5.711936950683593750e-01 1.107557654380798340e+00 8.903911709785461426e-01 3.107834160327911377e-01 7.508355379104614258e-02
-1.223847270011901855e+00 1.374834179878234863e-01 -1.365775823593139648e+00 -1.553833205252885818e-02 1.361187696456909180e-01 4.775385856628417969e-01 4.241732656955718994e-01 -1.805415868759155273e+00 -4.044112861156463623e-01 -1.437789440155029297e+00
-1.778901666402816772e-01 -3.756259381771087646e-02 -1.809014201164245605e+00 -1.060444116592407227e+00 -1.769686043262481689e-01 1.087905526161193848e+00 1.577626585960388184e+00 -6.147775053977966309e-01 1.500619888305664062e+00 -5.886798501014709473e-01
6.023838520050048828e-01 2.511067390441894531e-01 1.305361270904541016e+00 9.670100212097167969e-01 -2.329479008913040161e-01 -7.213415950536727905e-02 -1.578079223632812500e+00 -1.392170310020446777e+00 -2.519069671630859375e+00 5.323635339736938477e-01
1.754327058792114258e+00 -1.817207336425781250e-01 3.963789343833923340e-01 2.944498360157012939e-01 -2.572569608688354492e+00 3.520222425460815430e+00 -1.439703553915023804e-01 8.419249057769775391e-01 9.180483818054199219e-01 -7.780920863151550293e-01
